0 1
0 6
1 0
1 2
1 7
2 1
2 3
2 8
3 2
3 4
3 9
4 3
4 5
4 10
5 4
5 11
6 0
6 7
6 12
7 6
7 1
7 8
7 13
8 7
8 2
8 9
8 14
9 8
9 3
9 10
9 15
10 9
10 4
10 11
10 16
11 10
11 5
11 17
12 6
12 13
12 18
13 12
13 7
13 14
13 19
14 13
14 8
15 9
15 16
16 15
16 10
16 17
16 22
17 16
17 11
17 23
18 12
18 19
18 24
19 18
19 13
19 20
19 25
20 19
20 26
21 22
21 27
22 21
22 16
22 23
22 28
23 22
23 17
23 29
24 18
24 25
24 30
25 24
25 19
25 26
25 31
26 25
26 20
26 27
26 32
27 26
27 21
27 28
27 33
28 27
28 22
28 29
28 34
29 28
29 23
29 35
30 24
30 31
31 30
31 25
31 32
32 31
32 26
32 33
33 32
33 27
33 34
34 33
34 28
34 35
35 34
35 29
