0 1
0 3
0 4
1 2
1 0
2 1
2 3
2 5
3 0
3 2
3 7
4 0
4 6
4 7
5 2
5 6
5 9
5 35
6 4
6 5
6 7
6 8
6 9
7 3
7 4
7 6
7 8
8 6
8 7
8 9
8 10
9 5
9 6
9 8
9 11
10 8
10 11
10 12
10 13
11 9
11 10
11 13
11 14
11 18
11 21
12 10
12 13
13 10
13 11
13 12
13 16
14 11
14 15
14 16
15 14
15 18
16 13
16 14
16 17
16 18
17 16
17 19
18 11
18 16
18 15
18 20
18 21
19 17
19 20
20 18
20 19
20 21
21 11
21 18
21 20
21 22
21 28
22 21
22 23
22 26
22 27
22 30
23 22
23 24
23 26
24 23
24 25
25 24
25 26
25 31
26 22
26 23
26 25
27 22
27 28
27 29
28 21
28 27
28 29
28 35
29 27
29 28
29 30
29 33
29 34
30 22
30 29
30 31
30 33
31 25
31 30
31 32
32 31
32 33
32 34
33 29
33 30
33 32
34 29
34 32
34 35
35 28
35 34
35 5
